Webots Project File version R2025a
perspectives: 000000ff00000000fd0000000300000000000001ca0000039ffc0200000001fb00000012005300630065006e0065005400720065006501000000000000039f000000000000000000000001000003c000000496fc0200000001fb0000001400540065007800740045006400690074006f00720100000019000004960000008a00ffffff00000003000009c00000015dfc0100000002fb0000000e0043006f006e0073006f006c006501000001d0000005b00000000000000000fb0000001a0043006f006e0073006f006c00650041006c006c0041006c006c0100000000000009c00000006900ffffff000005fe0000049600000004000000040000000100000008fc00000000
simulationViewPerspectives: 000000ff0000000100000002000002100000056c0100000002010000000101
sceneTreePerspectives: 000000ff000000010000000300000022000000c0000001380100000002010000000201
minimizedPerspectives: 000000ff00000000fd0000000300000000000001ca0000039ffc0200000001fb00000012005300630065006e0065005400720065006501000000000000039f000000000000000000000001000003c0000005b9fc0200000001fb0000001400540065007800740045006400690074006f00720100000019000005b90000008a00ffffff00000003000009c00000003afc0100000002fb0000001a0043006f006e0073006f006c00650041006c006c0041006c006c0100000000000009c00000006900fffffffb0000000e0043006f006e0073006f006c006501000001d0000005b00000000000000000000005fe000005b900000004000000040000000100000008fc00000000
maximizedDockId: -1
centralWidgetVisible: 1
orthographicViewHeight: 1
textFiles: 3 "controllers/ur5e_controller/ur5e_controller.py" "controllers/ur5e_controller/jenga_bot.py" "controllers/ur5e_controller/utils.py" "controllers/ur5e_controller_second/ur5e_controller_second.py" "controllers/ur5e_controller_second/jenga_bot_second.py"
consoles: Console:All:All
renderingDevicePerspectives: UR5e(1):wrist_camera;1;0.895833;0;0
renderingDevicePerspectives: UR5e:wrist_camera;1;0.895833;0;0
