Webots Project File version R2025a
perspectives: 000000ff00000000fd0000000300000000000001ca0000039ffc0200000001fb00000012005300630065006e0065005400720065006501000000000000039f000000000000000000000001000003c00000053efc0200000001fb0000001400540065007800740045006400690074006f007201000000210000053e0000004800ffffff0000000300000b400000010afc0100000002fb0000001a0043006f006e0073006f006c00650041006c006c0041006c006c010000000000000b400000006900fffffffb0000000e0043006f006e0073006f006c006501000001d0000005b000000000000000000000077e0000053e00000004000000040000000100000008fc00000000
simulationViewPerspectives: 000000ff0000000100000002000002100000056c0100000002010000000101
sceneTreePerspectives: 000000ff00000001000000030000002a000000c0000001380100000002010000000201
maximizedDockId: -1
centralWidgetVisible: 1
orthographicViewHeight: 1
textFiles: -1
globalOptionalRendering: CameraFrustums
consoles: Console:All:All
renderingDevicePerspectives: UR5e:wrist_camera;1;0.871089;0.0244957;0.000785546
